Time Mean Distance Standard Deviation of Distance Mean Speed Standard Deviation of Speed
1 679.612 236.192 20.7963 7.50429
1.5 664.027 233.357 20.7963 7.50429
2 648.478 230.632 20.7963 7.50429
2.5 632.968 228.019 20.7963 7.50429
3 617.501 225.522 20.7963 7.50429
3.5 602.08 223.143 20.7963 7.50429
4 586.71 220.882 20.7963 7.50429
4.5 571.396 218.742 20.7963 7.50429
5 556.145 216.721 20.7963 7.50429
5.5 540.963 214.817 20.7963 7.50429
6 525.861 213.024 20.7963 7.50429
6.5 510.852 211.331 20.7963 7.50429
7 495.635 209.412 22.6971 5.45192
7.5 480.372 207.557 24.0624 5.33483
8 465.627 205.528 23.6966 4.41629
8.5 451.096 203.678 23.6086 4.27372
9 436.712 202.103 23.5882 4.24628
9.5 422.465 200.839 23.5845 4.24158
10 410.673 197.485 21.6689 4.87314
10.5 400.141 193.171 21.8863 2.8147
11 390.305 188.524 21.981 1.74564
11.5 380.897 183.876 22.008 1.33077
12 371.789 179.406 22.0165 1.20037
12.5 362.924 175.221 22.0202 1.16418
13 354.28 171.387 22.0228 1.15507
13.5 345.853 167.953 22.0252 1.15353
14 337.647 164.958 22.0275 1.15419
14.5 329.674 162.433 22.0298 1.15566
15 321.947 160.405 22.0321 1.15735
15.5 314.484 158.894 22.0344 1.15912
16 307.304 157.914 22.0367 1.16095
16.5 300.429 157.471 22.039 1.16279
17 293.885 157.564 22.0413 1.16468
17.5 287.701 158.178 22.0436 1.16652
18 354.633 151.111 22.0459 1.16841
18.5 346.796 153.837 22.0474 1.16967
19 339.249 156.955 22.0489 1.17099
19.5 332.029 160.41 22.0505 1.17231
20 325.181 164.135 22.052 1.17356
20.5 318.765 168.041 22.0535 1.17491
21 315.841 171.805 19.7598 2.72899
21.5 314.11 175.037 19.4332 2.49648
22 313.102 176.567 17.7909 3.54002
22.5 317.927 182.348 16.7115 1.93279
23 318.054 183.079 16.6751 1.36774
23.5 318.384 183.666 16.6701 1.16873
24 318.808 184.185 16.671 1.10884
24.5 319.279 184.672 16.6733 1.09135
25 319.773 185.144 16.6759 1.08599
25.5 320.279 185.608 16.6786 1.08429
26 320.792 186.069 16.6814 1.08374
26.5 321.308 186.529 16.6842 1.08357
27 281.619 184.901 16.6863 1.08288
27.5 135.473 45.6462 16.7909 1.02285
28 135.212 45.4512 16.7909 0.884194
28.5 134.98 45.2875 16.775 0.742555
29 134.774 45.1516 16.7619 0.619135
29.5 134.591 45.0383 16.7534 0.5174
30 134.427 44.9429 16.7485 0.434589
